nofield
lengthunit,m
circle, 10.0 , 0.0 , 0 , 1, -1.5707963267948966
circle, 7.66044443118978 , 6.4278760968653925 , 0 , 1, -2.2689280275926285
circle, 1.7364817766693041 , 9.84807753012208 , 0 , 1, -2.9670597283903604
circle, -4.999999999999998 , 8.660254037844387 , 0 , 1, -3.665191429188092
circle, -9.396926207859083 , 3.420201433256689 , 0 , 1, -4.363323129985824
circle, -9.396926207859085 , -3.4202014332566866 , 0 , 1, -5.061454830783555
circle, -5.000000000000004 , -8.660254037844384 , 0 , 1, -5.759586531581287
circle, 1.7364817766692997 , -9.848077530122081 , 0 , 1, -6.457718232379019
circle, 7.660444431189778 , -6.427876096865396 , 0 , 1, -7.155849933176751
circleZ,0,0,0,9
circleZ,0,0,0,11
circleZ,0,0,1,10
circleZ,0,0,-1,10
